01 09421239603118620000000000000000186201430660061910000000000011039100720301000

01 09220030932121860000000000000000218601230550201110002000000029035600720301000

01 08120079476118420000000000000000184201030470170940002000000025032200720301000

01 09620209862120470000000000000000204701380670121690001000000025035300720301000

01 09120109494129220000000000000000292201580600141400003500000035000000720301000

01 06520348801126330000000000000000263301670740122370004000000036043700720301000

01 07021059207126620000000000000000266201810900112060003000000017000000720301000

01 07720221029127330000000000000000273301360600310810004000000045039200720301000

01 07020999543122170000000000000000221701470750170840003500000023042100720301000

01 08420209579125000000000000000000250001680810152060003500000022051200720301000

01 07020920152123670000000000000000236701760720072460003000000019060900720301000

01 08520129638125830000000000000000258301500680251240003500000035000000720301000

01 08020480135116000000000000000000160001040410101240003000000025035600720301000

01 06420090015147440000000000000000474402151100212150001ë25000037048500720301000

01 06620309450139400000000000000000394002581230263060000030000044025700720301000

01 07820491008148510000000000000000485102421210452440003040000074034000720301000

01 09320980117155120000000000000000551203311650222500003040000023017900720301000

01 09220300979156990000000000000000569902911280283410004545000045030300720301000

01 09020029486148480000000000000000484802721170452390003040000061050300720301000

01 08620089520157940000000000000000579403371530443590003545000050035600720301000

019 9320458740118040000000000000000180401180530051860000500000011000000720301000

019 7920719589120500000000000000000205001440650121680001500000019000000720301000

019 9520718819113570000000000000000135700800380051360000000000016027100720301000

019 8520130069126210000000000000000262100510300010000002000000007000000720301000

019 7220420078112990000000000000000129900530280021320002000000017018200720301000

019 6420320070108260000000000000000082600460120010460002000000013040300720301000

019 6720649982123900000000000000000239001480740141980002000000027038300720301000

019 5820230036123690000000000000000236901690810122090002000000020040500720301000

019 6620330576128280000000000000000282801250700100990002500000012027600720301000

019 6720658869125300000000000000000253001260650132140002500000032000000720301000

019 9120369145127940000000000000000279401810800112640003000000020053200720301000

019 9320668907124600000000000000000246001510730092440002500000018000000720301000

019 8820338823123550000000000000000235501540690092290002500000019033400720301000

019 8520590212129010000000000000000290101650820122760002500000035000000720301000

019 6820739160129380000000000000000293801580830132700003000000034020800720301000

019 6820750976119440000000000000000194401180560091790001500000031024200720301000

019 9620100089123150000000000000000231501590750122020003000000019049400720301000

019 9520610208124560000000000000000245601500730181730003500000031000000720301000

019 7620109753128650000000000000000286501530770271450003500000047046100720301000

019 6820709117117980000000000000000179801340520061820003000000021038500720301000

019 9420980676133360000000000000000333601810950281980003500000037034000720301000

019 9120550159130220000000000000000302201920940172520003500000033034300720301000

019 9120410143134240000000000000000342401860800152030003500000033000000720301000

019 9320830519138660000000000000000386602451170262890000N30000043014200720301000

019 6720580050141450000000000000000414502711290253280000N30000037052700720301000

019 8520610418140850000000000000000408502721150282840000030000050057500720301000

019 9520280695146410000000000000000464102631340362990003040000053041500720301000

019 8520070075149600000000000000000496002761270452550003040000072053300720301000

019 9120800191153140000000000000000531403091420453050003040000073041000720301000

019 8620240600153880000000000000000538803641820264580004040000043045900720301000

019 8120180202165860000000000000000658603291750203490003545000035046500720301000

019 6520298688155050000000000000000550503191450274640004540000048033400720301000

019 7920099052137300000000000000000373000220100232810001ë25000034059200720301000

011 0000000000000000000000000000000000000000000000000000000000000000000720301000

01 08820148801151360000000000000000513600320130313830003040000064000000720301000

01 09420978801108560000000000000000085600040010110100000000000018000000720301000

01 09620771008116460000000000000000164600120060080820000000000009000000720301000

01 08420679603121710000000000000000217101120510240770001000000034000000720302000

01 02620119486118070000000000000000180701130550131290000000000021034100720302000

01 07021050059133090000000000000000330901090600010000000000000007000000720302000

01 07021059207116740000000000000000167400990430081380003000000016038500720302000

01 07020920152136700000000000000000367001510750070970002500000015000000720302000

01 08020480135117480000000000000000174801100440121230002500000026019700720302000

01 08420209579128580000000000000000285802000950201680004000000030000000720302000

01 07220049450121280000000000000000212801520690121780003500000016023100720302000

01 09220321008116260000000000000000162601100500111240003000000017030500720302000

01 09620209862122200000000000000000222001330670151610003500000027000000720302000

01 09320070015126310000000000000000263101750900040190003000000010000000720302000

01 07620119476125250000000000000000252501250700111630003500000014000000720302000

01 08820031029127540000000000000000275401730780211690003500000041013000720302000

01 07020999543135960000000000000000359601920850361460003040000045000000720302000

01 09120109494132820000000000000000328202060850222370003040000042069100720302000

01 08520129638134190000000000000000341902291050222650003040000033038200720302000

01 09420140979140840000000000000000408402611220273030004040000038034200720302000

01 09120690117138650000000000000000386502201000332070003040000066035800720302000

01 06520348801139130000000000000000391302191080153640003040000031017800720302000

01 06520340059110680000000000000000106800450270010000000000000008000000720302000

019 9520719052116290000000000000000162900760440091370000000000023019900720302000

019 7220420078148160000000000000000481600830570010000002000000007000000720302000

019 9620148688124430000000000000000244300990590030460000000000005035500720302000

019 9520620191126360000000000000000263601160850033150000000000006038400720302000

019 8520590212131320000000000000000313201500800041510002500000010000000720302000

019 6620330072133300000000000000000333000880500030400002000000023000000720302000

019 6420320070141070000000000000000410701380890010000002000000006016700720302000

019 6820750976130720000000000000000307201490840050880002000000006025600720302000

019 6820739160124230000000000000000242301180680122080002500000033000000720302000

019 9320668907132140000000000000000321402201200060530002500000011043600720302000

019 8820338823120210000000000000000202101090520091830002500000022000000720302000

019 6820709117115710000000000000000157101660930060310002500000014042600720302000

019 8520458819125130000000000000000251301340710122230002500000031000000720302000

019 9620300418120030000000000000000200301230590151390003000000025000000720302000

019 6720640051155440000000000000000554401230790020000003000000014022300720302000

019 8820200695121830000000000000000218301270610171350003000000030000000720302000

019 9520610208122070000000000000000220701590710131790004000000024039800720302000

019 9520670600125390000000000000000253901330580271000003500000047034200720302000

019 8520440202118190000000000000000181901100550091380003000000027000000720302000

019 9020079982124240000000000000000242401500850141210003500000019000000720302000

019 7620109753119340000000000000000193401020540161180003500000026000000720302000

019 8520420180131340000000000000000313401540870050570003000000007000000720302000

019 9520010036124490000000000000000244901350780142010003500000029000000720302000

019 9320700075130830000000000000000308302091080123010003500000021037600720302000

019 7020980576125250000000000000000252501660930131870003500000026000000720302000

019 7920719589135110000000000000000351102211130163270002ë10000013038700720302000

019 8920419510126870000000000000000268701580670241390000N30000042019900720302000

019 6720658869132580000000000000000325802030880202480001ë25000039045200720302000

019 9620690050136140000000000000000361402451150183070000030000032026200720302000

019 9420980676139600000000000000000396002661220161720000N30000025030000720302000

019 8620070519146070000000000000000460702721420214210003040000035034700720302000

019 9120410143134380000000000000000343802281090212780003040000037044400720302000

019 9620100089132300000000000000000323002280950192470003040000035015900720302000

019 9320458740133170000000000000000331701770780281890001540000038041500720302000

019 9120369145136230000000000000000362301590830282110003040000067000000720302000

019 9120550159135570000000000000000355702040940321900003040000057020600720302000

019 8520458819129900000000000000000299001590870043510002500000011000000720303000

019 7220429589117150000000000000000171501390610061750002000000009031800720303000

019 8520130069131430000000000000000314300630400020180002000000012021500720303000

019 6720640051109250000000000000000092500470300020420002000000015000000720303000

019 5820230072132430000000000000000324300730470020000002000000014036600720303000

019 8820338823135610000000000000000356101790990070900002500000011040800720303000

019 6820709117147090000000000000000470901931100010000002500000003000000720303000

019 8520440202127380000000000000000273801460830091610002500000019045000720303000

019 8520420180118190000000000000000181900890460091570002500000020096900720303000

019 6820750976134910000000000000000349101580890070750003000000015000000720303000

019 9120800191136110000000000000000361102331260082600004000000014000000720303000

019 7620109753117610000000000000000176101270570101490004000000013038200720303000

019 6420320070129130000000000000000291300870520010000002000000006000000720303000

019 9320830519131240000000000000000312401601060142940003500000022041100720303000

019 8820200695123150000000000000000231501520730161730003500000024047900720303000

019 6720580050114530000000000000000145300890400130820003500000015030300720303000

019 8620240600119140000000000000000191401430530151200003500000022028800720303000

019 7920099052128830000000000000000288300950570061020003000000015021700720303000

019 9520280208125920000000000000000259201620780181860004000000029038700720303000

019 8120188869120700000000000000000207001100530141490003000000032028000720303000

019 6620330143115700000000000000000157000940450091290002500000013036900720303000

019 8420808843118370000000000000000183700950500101530003000000022000000720303000

019 6820739160133440000000000000000334401880830222420001ë25000038068400720303000

019 9520010036158460000000000000000584603832010195220000030000031047700720303000

019 9520679510134080000000000000000340802021040222620000N30000028061100720303000

019 9620300418128870000000000000000288701520740301250000030000035046800720303000

019 8520590212136700000000000000000367002291140163050003040000031073000720303000

019 9320700075140910000000000000000409102591160302740003040000036033000720303000

019 7020980576142710000000000000000427102361200312880003040000043042500720303000

019 8620440676139610000000000000000396102831410203090004040000026039500720303000

019 9020079982145420000000000000000454203081450224050003040000033048300720303000

019 9320668907158470000000000000000584702491780136400003040000021025500720303000

019 9120270089128460000000000000000284601620620310770003040000042034700720303000

01 09220321008137320000000000000000373202881100171420000N30000022023700720303000

01 09220300979123720000000000000000237201630760151880003500000025040800720303000

01 09320989638117290000000000000000172902210600130960003500000015048300720303000

01 08620469862140270000000000000000402702411310203570003040000032036500720303000

01 07220049450121960000000000000000219601450660141730003500000019029500720303000

01 09620200932126740000000000000000267401880810181950004000000022029900720303000

01 08420679603136190000000000000000361902481140203060000030000035046800720303000

01 09020029486124230000000000000000242301340670201430004000000022027800720303000

01 07820499543121830000000000000000218301300590211090003500000038049400720303000

01 07620119476136940000000000000000369402301020292290003040000036045100720303000

01 08620089520119290000000000000000192901220600151020003000000014038500720303000

01 08820030117146320000000000000000463202471260353010003040000044040900720303000

01 07720221029129560000000000000000295601750750291400003040000036027300720303000

01 09420239579135960000000000000000359602511200242500004040000034050900720303000

01 05920288801130930000000000000000309301410850053580003000000011036400720303000

01 07021059494148640000000000000000486402281260254080003540000040035000720303000

01 07020920152140990000000000000000409901890910372060003040000044043500720303000

01 08020480135146890000000000000000468901820950040050003500000007000000720303000

01 08820149207127200000000000000000272001560770112590003000000024000000720303000

01 09320070015144170000000000000000441702581300010000003500000003071900720303000

01 08120070059109640000000000000000096400410220020910002000000016000000720303000

01 06420098801135170000000000000000351701730980093770003000000018000000720303000

01 09420978801112330000000000000000123300640260130490000000000019000000720303000

01 09620779862111520000000000000000115200680310110570000000000013000000720304000

01 09421230152115920000000000000000159200600400121030000000000000029800720304000

01 09420141008119450000000000000000194501260610111590000000000011000000720304000

01 09320989476121260000000000000000212601540710101930000500000010030300720304000

01 05920288801135880000000000000000358801050600080300002500000014000000720304000

01 07220049603126940000000000000000269401880780191870004000000028030600720304000

01 08820149207125170000000000000000251701340760082590003500000017000000720304000

01 07020999543129890000000000000000298901790930231900004000000028034400720304000

01 09220030932121720000000000000000217201190480250620003500000037000000720304000

01 06420090015120850000000000000000208500860450070700003000000013000000720304000

01 09120690117131110000000000000000311101610800091400003500000015039600720304000

01 08520129638131660000000000000000316602221100133010003500000022000000720304000

01 09020029486134170000000000000000341702441040202770000030000025021000720304000

01 09220300979132840000000000000000328402121000192690000N30000030024600720304000

01 09320079494152120000000000000000521202521510165320003040000022045200720304000

01 07820491029136500000000000000000365002261070242750003040000046020000720304000

01 06620309450134030000000000000000340301790860291960003545000037016700720304000

01 08420209579150970000000000000000509703001450383350003040000049039500720304000

01 08020480135149400000000000000000494002481180383080003040000070044800720304000

01 08620089520149620000000000000000496202641280393050003545000044015840720304000

01 09420971008116320000000000000000163201150540091370000000000014000000720304000

019 9520650676108820000000000000000088200600230080480000000000012023600720304000

019 9620149753110830000000000000000108300670340080770000000000011000000720304000

019 9520620089111440000000000000000114400680270100650000000000014020100720304000

019 8620070519126560000000000000000265601740790201730001000000029022300720304000

019 6720640051107160000000000000000071600370210020180002000000017000000720304000

019 5820230072102300000000000000000023000120050010180002000000009000000720304000

019 8520448740121400000000000000000214001250620101890002500000027035600720304000

019 8520130069158350000000000000000583501130790010000002000000007000000720304000

019 8520420180132100000000000000000321001220710060450002500000005000000720304000

019 8420808843113240000000000000000132400680320061210003500000013000045720304000

019 9620100050121690000000000000000216901520740102000002000000014021400720304000

019 6520298688138830000000000000000388302761920010000005000000004025600720304000

019 8920419510125540000000000000000255401640800112420004000000014000000720304000

019 6420320070134080000000000000000340801661070020000003000000015032500720304000

019 8820200695120890000000000000000208901270630161440004000000030000000720304000

019 7920099052119960000000000000000199600660410101750003500000021000000720304000

019 8620240600126320000000000000000263201860920112520003500000015000000720304000

019 6720658869114210000000000000000142100810500080740003000000018020500720304000

019 6820709117147170000000000000000471702301610151090001ë25000024043400720304000

019 9120800191137400000000000000000374002681210203200000030000022051300720304000

019 9520280036142340000000000000000423402341130372360000030000050042900720304000

019 8520070075139950000000000000000399502511200272980003040000039030700720304000

019 9520610208137980000000000000000379802091110242860003040000036000000720304000

019 8520610418140790000000000000000407902421130292740003545000041022500720304000

019 9320830159144190000000000000000441902571210323010003040000042038000720304000

019 8820338823128990000000000000000289901730710191970003040000036035100720304000

019 6820750976132800000000000000000328001800790252040003040000050043600720304000

01 09420979579115760000000000000000157600940440150810000000000019030000720305000

01 09421239486117130000000000000000171301000460160880000000000019027800720305000

01 09620779520116890000000000000000168901030450121140000000000018037600720305000

01 09420230979112930000000000000000129300880380081040001000000000000000720305000

01 08120070059105180000000000000000051800760340010510002000000008000000720305000

01 09120109494119110000000000000000191100870450061370002500000025000000720305000

01 09420141008121890000000000000000218901570720111690003500000017044100720305000

01 07720221029119640000000000000000196401280650111660002000000013000000720305000

01 06420090015136040000000000000000360401510600070380001500000012000000720305000

01 07620119476124540000000000000000245401400620241120002000000032000000720305000

01 06520348801107070000000000000000070700570200040570001000000011000045720305000

01 08620469862110900000000000000000109000720270110490001500000015044100720305000

01 07020999543138190000000000000000381902361100262770000030000034025000720305000

01 05920280152151480000000000000000514802591390132560003040000028024000720305000

01 09220030932144830000000000000000448303121760183790002545000029039500720305000

01 09620209603145980000000000000000459802531180402510003040000055033700720305000

01 08820039450164660000000000000000646603141600292130003040000039037900720305000

01 09120690117152530000000000000000525303131470353720003040000053024400720305000

01 08520129638141670000000000000000416702791300203640002040000022039400720305000

01 08820149207142830000000000000000428302371200243070003545000037053200720305000

019 9620148823107300000000000000000073000430200040570000000000008000000720305000

019 9520718907122800000000000000000228001360660082240000000000013025700720305000

019 9520620418112290000000000000000122900730300140440000000000017028900720305000

019 7920099052120500000000000000000205001080540101790002500000024000000720305000

019 7220420078104220000000000000000042200220100010400002000000009000000720305000

019 6420320070101250000000000000000012500050020010060002000000008000000720305000

019 5820230072106580000000000000000065800230120010670002000000007000000720305000

019 8520590212118540000000000000000185401050530071800002000000013000000720305000

019 8620440676119270000000000000000192701230500171020001500000018000000720305000

019 9020079982116880000000000000000168800890400190620001500000024000000720305000

019 8620240600131870000000000000000318701901050112160002500000015035400720305000

019 8520420180123400000000000000000234001340600171530002500000029032000720305000

019 9120369145127830000000000000000278301320790092810002500000018039300720305000

019 8520130069123200000000000000000232001060680010000003000000009034000720305000

019 9320700191125470000000000000000254701480850151860003500000016000000720305000

019 6720658869123750000000000000000237501210700071860003500000015022000720305000

019 8620070519129450000000000000000294501650910172420003500000026000000720305000

019 8120189117120190000000000000000201901200560101750003000000022000000720305000

019 9520010036118940000000000000000189401300610111510001500000015000000720305000

019 9120270089125530000000000000000255301670870102480002500000017000000720305000

019 6520298688143690000000000000000436902281200010000003000000004059800720305000

019 6620330695117720000000000000000177200850500060760002000000010000000720305000

019 6720580050115080000000000000000150800880480091210001500000010000000720305000

019 9320458740128630000000000000000286301310750050750003000000008000000720305000

019 8520449160148330000000000000000483302351440115250001ë25000023031700720305000

019 8920419510128700000000000000000287001900910162400000030000028050200720305000

019 9120550159131760000000000000000317601660930121220000N30000012036600720305000

019 9620100576139830000000000000000398302601180262920000N30000046050300720305000

019 7920719589141730000000000000000417302631300223590003040000026019000720305000

019 7620109753144000000000000000000440002891380243700003040000031025800720305000

019 9620690075133240000000000000000332401940820321570003040000048033400720305000

019 9420980208143390000000000000000433902551080412070003040000061053300720305000

019 8520458819136790000000000000000367902050990272300001540000039056300720305000

019 8420808843145110000000000000000451102051120181780003040000030068400720305000

019 9120410143143510000000000000000435102561130382390003040000056040200720305000

01 09421239486117630000000000000000176300760400160900000000000020000000720306000

01 08120070059107140000000000000000071400440200020320002000000016043000720306000

01 09420149543121360000000000000000213601230530201030002500000023030100720306000

01 09320980117117130000000000000000171301000460160880001500000018027900720306000

01 08620089520125510000000000000000255101360690241320004000000025000000720306000

01 07020920152109460000000000000000094600570240070630002500000020000000720306000

01 07820499638124910000000000000000249101590820102430002000000017000000720306000

01 08420209579119020000000000000000190201360650111350002000000020000000720306000

01 07021059207109790000000000000000097900650290040950001500000011000000720306000

01 06520348801112430000000000000000124300840330080890002000000020000000720306000

01 06620309450129570000000000000000295702251100102770003500000013038000720306000

01 09420230979123270000000000000000232701490690171550003500000029045000720306000

01 07620119476137160000000000000000371602691250193260001ë30000020046200720306000

01 08620469862139270000000000000000392702621190253060000N30000036020400720306000

01 07220040932139590000000000000000395902130950421640003040000054027200720306000

01 08420679603151500000000000000000515003761800214680003040000026039900720306000

01 09220321008145210000000000000000452102621140412380003040000062022500720306000

01 06420090015157440000000000000000574402521400383730003040000071053100720306000

01 07720221029144570000000000000000445702501070432040003040000054050700720306000

01 09120109494138990000000000000000389901930800381620003040000060049500720306000

019 9520658819112490000000000000000124900710270130540000000000019023900720306000

019 9520710143112210000000000000000122100840350100750000000000012000000720306000

019 9520629589114040000000000000000140400910430061350000000000011029700720306000

019 7220420078115150000000000000000151500370250010000002000000009021400720306000

019 8520130069130580000000000000000305801130780010000002000000007000000720306000

019 6620330600116420000000000000000164201050510111230002000000016000000720306000

019 8520610418122760000000000000000227601610810082290001500000012000000720306000

019 5820230159119270000000000000000192701240600131430002000000018000000720306000

019 8520590212108170000000000000000081700470220050650000500000009000000720306000

019 6420320070131070000000000000000310701250800010000002000000008000000720306000

019 9320458740109610000000000000000096100590280050820001000000017000000720306000

019 9320668907112310000000000000000123100620310080920001500000018000000720306000

019 8820338823122100000000000000000221000960550101980002000000018031100720306000

019 9120369145114680000000000000000146800820400081180002500000016000000720306000

019 8120189117121180000000000000000211801350560131600002500000028039500720306000

019 8520070075126640000000000000000266401620720241420001500000034000000720306000

019 6720658869116930000000000000000169301110600050950002500000006000000720306000

019 8620070519123910000000000000000239101530760151830002500000022035600720306000

019 9520610208118770000000000000000187701020440210710001500000028038400720306000

019 8620440676123050000000000000000230501470720141870003500000020000000720306000

019 6720580050127860000000000000000278601290740091650002000000013000000720306000

019 6820739160115790000000000000000157900870400091260004000000000000000720306000

019 6520298688173960000000000000000739604552370061590000525000013042300720306000

019 9320700191134580000000000000000345801960910301940000030000046041600720306000

019 9120270089144730000000000000000447303181690122410000030000014044000720306000

019 8820200695133200000000000000000332001990990242070001540000038045200720306000

019 7020980576142150000000000000000421502981390173660002540000028032100720306000

019 9020079982148060000000000000000480602911380343310003545000055054200720306000

019 9520010036151370000000000000000513702631410242400004040000030049600720306000

019 9620309753150740000000000000000507402701350422670003040000076037900720306000

019 8520420180141750000000000000000417502111030243210003040000037043500720306000

019 7920099052155530000000000000000555302381290173450003040000036032600720306000

01 09420978801109450000000000000000094500720360030640000000000005000000720306000

019 6720649510118130000000000000000181301450720071570002000000010034600720306000

01 09420971008117580000000000000000175800960420150970000000000000023900720307000

01 02620119476121100000000000000000211001230590171300000000000023000000720307000

01 08120070015119320000000000000000193201020500080540002000000015038500720307000

01 08020480135125130000000000000000251300970500050410002500000008000000720307000

01 07020920152139770000000000000000397702111090183530003000000030032000720307000

01 09220030932116330000000000000000163301120530101310002000000013000000720307000

01 07021059207126270000000000000000262701760730132270003500000020051500720307000

01 09420239543132320000000000000000323202020940252030004000000031027900720307000

01 09120690117127230000000000000000272301650800211800004000000030000045720307000

01 07820499638117980000000000000000179800930450130720003500000018043500720307000

01 09620209862123240000000000000000232401700800102170003500000018000000720307000

01 09320079494124430000000000000000244301390690142030003000000027000000720307000

01 09020029486133600000000000000000336002551000212560000N30000027031200720307000

01 08620089520135260000000000000000352602461130202970000030000027034600720307000

01 06620309450133760000000000000000337602411130173020000N30000027017200720307000

01 08420209579160520000000000000000605203791830344960002540000050047500720307000

01 09220300979153370000000000000000533702921430413460003540000050022000720307000

01 09320989603151170000000000000000511703141400383270003040000033046500720307000

01 06520348801170950000000000000000709503621920286680003540000054058400720307000

019 6720640051102850000000000000000028500260070010230002000000006021800720307000

019 8520130069137220000000000000000372201320920010000002000000007036000720307000

019 7220420078144300000000000000000443001451010010000003000000006018000720307000

019 5820230072117500000000000000000175000900430031740002000000024000000720307000

019 6420320202116350000000000000000163501430460081440002000000016034000720307000

019 6820739160137050000000000000000370502001100041140002500000005041500720307000

019 6720658869123900000000000000000239001140670060330002500000012036200720307000

019 6620330695112240000000000000000122400820370090830002500000014022600720307000

019 8520590212117090000000000000000170900920400141010002500000026069000720307000

019 9620100036113220000000000000000132201050460061230001500000009038600720307000

019 7920719589126640000000000000000266401440680281160003000000033000000720307000

019 8520070075120870000000000000000208701550870101550003000000014051900720307000

019 9420980089120660000000000000000206601520680121700004000000020000000720307000

019 8620070519137300000000000000000373001750970100540004000000013000000720307000

019 9120410143120110000000000000000201101220610151370004000000018000000720307000

019 7620109753135760000000000000000357602201190060390003500000009000000720307000

019 9120550159126780000000000000000267802130810181910003500000026045100720307000

019 8620440676119320000000000000000193201370650101680004000000011057400720307000

019 6820709117127860000000000000000278601780830112660004000000030000000720307000

019 6820750976126140000000000000000261401810810082700003000000020000000720307000

019 9620699982117810000000000000000178101280600101500003500000013035900720307000

019 8520458819121170000000000000000211701340620101860003000000016000000720307000

019 9320458740149510000000000000000495102211200182680001ë25000029039600720307000

019 9320839510142980000000000000000429802501120392230000030000055027600720307000

019 6720580050139920000000000000000399202381170243100000030000045038045720307000

019 8520610418143590000000000000000435902461260223800003040000035043700720307000

019 9120800191149340000000000000000493403321600224210003040000029028500720307000

019 9520610208152730000000000000000527303411530393320003040000051025400720307000

019 9520280576152160000000000000000521602811380443000003040000062034900720307000

019 8620240600143660000000000000000436602851330253220003040000052036500720307000

019 9320668907156540000000000000000565402781400273540003545000049033200720307000

019 8120188843148060000000000000000480602461240293730003040000062033400720307000

019 9120369145164330000000000000000643304031770315610003040000055067700720307000

01 09420970979110900000000000000000109000580240110460000000000012025900720308000

01 09620779579112730000000000000000127300780340110710000000000013033700720308000

01 06420090015131460000000000000000314601160600060210000500000007000000720308000

01 08120070059149610000000000000000496100830700010000002000000005000000720308000

01 08020480135129130000000000000000291301530750171250002500000020048600720308000

01 08820149207127300000000000000000273001440780122510003000000035000000720308000

01 07820499638119780000000000000000197801220540171070004000000029019900720308000

01 09220321008123960000000000000000239601650660201380004000000033000000720308000

01 07720221029127080000000000000000270801540770211750004000000024033200720308000

01 09320079494125900000000000000000259001470750111520003500000033057100720308000

01 08420679603128530000000000000000285301850890192120003500000031039300720308000

01 08820039476131720000000000000000317201750900161630003500000028046100720308000

01 07220049520132450000000000000000324501920870301710000N30000044028700720308000

01 09220030932138360000000000000000383602411190233080000N30000028000000720308000

01 09120690117150700000000000000000507003171600193020000030000032053500720308000

01 07021058801156970000000000000000569703051430383980003040000053046100720308000

01 07020999543148780000000000000000487802591300332240003040000042020100720308000

01 07020920152156330000000000000000563302701400224070003545000060045100720308000

01 09620209862143900000000000000000439002521120382360003040000058056400720308000

019 9520620418105060000000000000000050600380130050240000000000000021700720308000

019 9620148823123840000000000000000238400970580040720000000000008000000720308000

019 7220420078147360000000000000000473601470880020990002500000014000000720308000

019 6820750976145680000000000000000456802031200020000002000000008029300720308000

019 5820230072145940000000000000000459401951170081060003000000065045000720308000

019 6820709117126080000000000000000260801340770121710002500000029000000720308000

019 6620330050113980000000000000000139800900450081160002500000013000000720308000

019 6720640051167960000000000000000679604372840010000004500000005052000720308000

019 8520130069144300000000000000000443002141390010000002500000009027000720308000

019 9020079982129930000000000000000299301880970192360003500000039000000720308000

019 8520070075131030000000000000000310301921010202410004000000031000000720308000

019 8820200695122470000000000000000224701230560221050003000000036000000720308000

019 8520458819127980000000000000000279801760980050210003500000006025000720308000

019 8520440202129840000000000000000298401560880122000003500000025000000720308000

019 6520298688131550000000000000000315501420800110960004500000025000000720308000

019 9620300208126270000000000000000262701550800181950003500000029042800720308000

019 7020980576124890000000000000000248901580710201470003500000028000000720308000

019 9520010036126120000000000000000261201270620300910003500000043000000720308000

019 9120550159132100000000000000000321001780990160910003500000025020500720308000

019 8420808843127400000000000000000274001570880121490003000000031026900720308000

019 7920719589136270000000000000000362702321120242780000N30000035037200720308000

019 7620109753134450000000000000000344501910840321680000N30000045059000720308000

019 9120410143150780000000000000000507802871530193790000030000031054400720308000

019 9620690191144210000000000000000442103041360263540004040000041037200720308000

019 9620100600138030000000000000000380302060970371790003040000064043200720308000

019 8920419510153520000000000000000535203041110182240003040000020038100720308000

019 8520590212153690000000000000000536902811360353870003040000057032000720308000

019 9420980089147620000000000000000476202751220412600003540000078053600720308000

019 8620070519159250000000000000000592503801910315100003040000050042600720308000

019 6720658869161170000000000000000611703191600384100003545000063027600720308000

019 6820739160157240000000000000000572402691440214110003040000051033600720308000

01 09320070059114560000000000000000145600610300010000000000000009000000720308000

01 05920288801134910000000000000000349101740970051030003000000013000000720308000

01 09620779543113340000000000000000133400840390100850000000000018000000720309000

01 06620309450126370000000000000000263701460750061450001500000015000000720309000

01 08120070059154950000000000000000549502361200020000002000000016029000720309000

01 08820149207126930000000000000000269301720730152140003000000039038700720309000

01 09020029486117130000000000000000171300950520121230002500000021000000720309000

01 06520348801121420000000000000000214201070600070490002000000017000000720309000

01 05920280015130600000000000000000306001600800082080003500000024026900720309000

01 08420209579124960000000000000000249601230640231310004000000041000000720309000

01 09220300979126170000000000000000261701920740201620004000000038000000720309000

01 09320980117115810000000000000000158101070450121120003500000013022900720309000

01 09120109494121570000000000000000215701480650072190004000000020000000720309000

01 08420679603125620000000000000000256201690780191760000N30000025000000720309000

01 09220321008132810000000000000000328101750840271880000030000048032900720309000

01 07720221029135390000000000000000353902181120173140000030000026000000720309000

01 09320070152142040000000000000000420401900980253280003040000047033200720309000

01 07620119476136620000000000000000366202521250232090003040000035028500720309000

01 08620469862140970000000000000000409702461150322640003040000043040700720309000

01 09420230932130060000000000000000300601790750281510003040000040029100720309000

01 08020480135138820000000000000000388202270960232880003040000045028800720309000

019 6520298688123500000000000000000235000600400030260003500000009000000720309000

019 9520710212106040000000000000000060400280140050390000000000012000000720309000

019 9620149753116650000000000000000166501150580031900000000000008023600720309000

019 7220420078144760000000000000000447601260880010000002000000008032400720309000

019 8520130069147710000000000000000477101350870010000002000000009000000720309000

019 6420320070134080000000000000000340801410560010000002000000007030900720309000

019 8520458819129650000000000000000296501300720080940002500000020000000720309000

019 8420808843120700000000000000000207001040540062170002500000014000000720309000

019 8520420180137280000000000000000372801490840051320002500000010000000720309000

019 8520440202139030000000000000000390301721120054600003000000021046900720309000

019 6620330050125490000000000000000254901620900060620002500000008039800720309000

019 8520070075122830000000000000000228301310750090780003000000015000000720309000

019 8520610418118110000000000000000181101120470170870003000000024000000720309000

019 6520299160105170000000000000000051700320260020120000000000004000000720309000

019 9520610208144180000000000000000441802191200041070004000000003018900720309000

019 9120550159118770000000000000000187701330600131410004000000025020600720309000

019 9320839510119870000000000000000198701260670111720003500000022032200720309000

019 9120800191123430000000000000000234301590690171570003500000036000000720309000

019 9520289589122360000000000000000223601340720112010003500000022032800720309000

019 8620240600140950000000000000000409502581390070330004500000012000000720309000

019 9120369145113880000000000000000138800850520070480003000000017021400720309000

019 7920099052125340000000000000000253401390790060330003000000013031200720309000

019 7020980576125150000000000000000251501610900030160003500000002043300720309000

019 9320668907115840000000000000000158400910500081000003000000022000000720309000

019 8820338823144600000000000000000446002121150273410001ë25000062035100720309000

019 6720640051161610000000000000000616103912730010000000530000005039000720309000

019 9020079982131550000000000000000315502241080142980000030000027055200720309000

019 9520010036146630000000000000000466302761480172620000N30000022044700720309000

019 9620300143128710000000000000000287101760840212020003040000038022800720309000

019 9320700519141450000000000000000414502461200292870003040000042034600720309000

019 6820709117128590000000000000000285901550870171960003540000031047200720309000

019 8820200695135010000000000000000350102180950262270003040000055032500720309000

019 8620440676134360000000000000000343602141030192600003040000024000000720309000

019 9120270089136800000000000000000368002561210183350003040000027053900720309000

019 6820750976138140000000000000000381402201040183300003040000043038800720309000

01 09421239638119950000000000000000199501300750080690000000000014027100720310000

01 08120070059102300000000000000000023000170050010180002000000007000000720310000

01 06420090015125860000000000000000258601290620161920002500000026031500720310000

01 09120109494117220000000000000000172201010600110980002500000024043300720310000

01 06520348801125700000000000000000257000910550060280002500000011000000720310000

01 07020920152130660000000000000000306601470900063330003000000016000000720310000

01 09620201029125490000000000000000254901300640251180004000000037038100720310000

01 08820031008130420000000000000000304201490760291420004000000037034400720310000

01 07220049862122950000000000000000229501250580240990003500000027036100720310000

01 09420149603116620000000000000000166201190590120980003500000017000000720310000

01 09220030932133410000000000000000334101390790180270003500000024040100720310000

01 07020999543127740000000000000000277402180980092810003500000010052900720310000

01 09020029486134010000000000000000340101891090162510000N30000026038400720310000

01 08420209579131070000000000000000310702130980202370000030000026040900720310000

01 09220300979135170000000000000000351701830830391180000030000051039600720310000

01 05920280135147150000000000000000471502291140303410003040000055025600720310000

01 08820149207135170000000000000000351701871030131280003040000020030800720310000

01 06620309450139090000000000000000390902270990342110003040000049050400720310000

01 08620089520134670000000000000000346702541260202050003040000021036400720310000

01 09320980117141950000000000000000419502641150332570003040000036028800720310000

01 07820499476144830000000000000000448302421200372320003040000059040900720310000

019 9520658823110040000000000000000100400390250030670000000000007000000720310000

019 9320458740109790000000000000000097900530270060780000000000016025900720310000

019 8520130069119610000000000000000196100980670030050002000000021030000720310000

019 7220420078137860000000000000000378601350940010000002500000007016500720310000

019 5820230072118630000000000000000186300910630020160002000000012000060720310000

019 6520299160122120000000000000000221201430800061430002500000017028800720310000

019 9320668907111200000000000000000112000690320051010001000000012033500720310000

019 8520420180146700000000000000000467001560790010000003000000004000000720310000

019 8120180212133650000000000000000336501120780053510002500000011039900720310000

019 7920099052111790000000000000000117900610310070930002500000019000000720310000

019 8920419510133540000000000000000335401790990040560003500000004030300720310000

019 6420320070135480000000000000000354801991290010000002000000008000000720310000

019 8520458819124760000000000000000247601360620191550003500000027047700720310000

019 7920719589119480000000000000000194801290630101670003000000013000000720310000

019 7620109753120730000000000000000207301450820111550004000000017000000720310000

019 7020980576131520000000000000000315202151170040680004000000005035200720310000

019 9120369145115420000000000000000154200900430081320003500000016000000720310000

019 9520670036119700000000000000000197001440820100460003500000016000000720310000

019 6720580050106840000000000000000068400450210050470000000000005000000720310000

019 9620699982122680000000000000000226801450610201200003500000025026900720310000

019 8520610418119090000000000000000190901400700090360003500000013000000720310000

019 8620070519123030000000000000000230301230540240910003500000030029000720310000

019 9120550695124980000000000000000249801600800101410003500000012037500720310000

019 6720658869118270000000000000000182701090640060310003000000011040700720310000

019 9120410143120970000000000000000209701330650121740003500000022000000720310000

019 9520610208125910000000000000000259101530760211630000030000031030500720310000

019 9420980089121530000000000000000215301220590181310000N30000031000000720310000

019 9120800191134920000000000000000349202191150173140000N30000022061800720310000

019 8520440202151790000000000000000517902871330274350003545000047028200720310000

019 9320830676140430000000000000000404302291060362280003040000047048000720310000

019 8520070075131690000000000000000316902231260202220003040000032051400720310000

019 8420808843139600000000000000000396001730960141000003040000030052900720310000

019 8620240600136860000000000000000368602010920331900003040000044056100720310000

019 9520280159130430000000000000000304302160950182470003040000025017600720310000

01 09421239520110210000000000000000102100640300080660000000000013000000720311000

01 09420979450114860000000000000000148600800380150680000000000018025400720311000

01 09620779579108170000000000000000081700480210100260000000000010000000720311000

01 08120070059119900000000000000000199001140600020000002000000013027000720311000

01 09120109494151750000000000000000517503371650016570003500000002000000720311000

01 07020920152117630000000000000000176301160500081590002500000015048500720311000

01 07021059207120800000000000000000208000880500040430002500000012000000720311000

01 06520348801116760000000000000000167600900390131030003000000020056500720311000

01 08620469862127910000000000000000279101610760271370004000000038030500720311000

01 07220049486125730000000000000000257301630760181760004000000028036500720311000

01 07620119476121450000000000000000214501610750092060003500000012000000720311000

01 09420230979121510000000000000000215101440660161520003500000023000000720311000

01 08820031008133300000000000000000333002011100110200003500000012022600720311000

01 08520129638123930000000000000000239301340580250980004000000026000000720311000

01 07020999543133330000000000000000333302271070212600000N30000035000000720311000

01 09620201029139050000000000000000390502521230262970000030000035030600720311000

01 06420090015133960000000000000000339601760830252130003040000046000000720311000

01 09220030932164240000000000000000642403331150201980003040000026000000720311000

01 09120690117145040000000000000000450402401150432140003545000000029000720311000

01 09420149603153710000000000000000537102961430443150003040000057062800720311000

019 9520658843104370000000000000000043700270120030300000000000007000000720311000

019 9620140208107590000000000000000075900470230060520000000000008000000720311000

019 7920719589119450000000000000000194501330550190950001000000023037800720311000

019 9520620695108170000000000000000081700530250060580000000000009000000720311000

019 5820230072155340000000000000000553402041330020000002500000012000000720311000

019 9120369145114470000000000000000144700720370110950002500000024000000720311000

019 7920099052118490000000000000000184900930390200680002500000034000000720311000

019 6620330576122070000000000000000220700800500060210002500000012000000720311000

019 6820750976111810000000000000000118100790340061040001500000017034100720311000

019 6420320070148540000000000000000485401761150010000002000000006022000720311000

019 9320458740117260000000000000000172600880430131110003500000027000000720311000

019 8520610418131260000000000000000312601671000162760004000000019060200720311000

019 9320668907112800000000000000000128000790360071090003500000011000000720311000

019 8620440676122000000000000000000220001210520220960003500000031034900720311000

019 6820739160108430000000000000000084300480230060620003000000015000000720311000

019 8820338823109510000000000000000095100590260060730003000000014031400720311000

019 9320700191127880000000000000000278801470830201660003500000028000000720311000

019 9120270089126170000000000000000261701320760162030003500000023034100720311000

019 9620699982113650000000000000000136500910410100980003500000014022400720311000

019 9620300600123430000000000000000234301290620211220003500000029033600720311000

019 9520670036132500000000000000000325001811000090420003500000013058300720311000

019 8920419510124690000000000000000246901560730191640000N30000030000000720311000

019 8620070519136310000000000000000363101800880361630000030000046020900720311000

019 7620109753129800000000000000000298001950910212190000030000033039600720311000

019 6720580050126950000000000000000269501960890122510000N30000018031900720311000

019 8520458819137340000000000000000373402050970153510000035000034022800720311000

019 9120410143144870000000000000000448702161180111270002040000013051900720311000

019 8520420180145880000000000000000458802251050333000003545000053043100720311000

019 6520298688154640000000000000000546402611210242840003040000041061000720311000

019 9620100075135530000000000000000355302291080202930003040000027030400720311000

019 9120550159139780000000000000000397802631270252900004040000037032000720311000

019 8120180202139050000000000000000390501740970191600003040000038030700720311000

019 6720640051132490000000000000000324901480840040190002500000033000000720311000

019 8520590212120910000000000000000209101080640070650003000000018000000720311000
